--------------------
              precision    recall  f1-score   support

           W       0.97      0.86      0.91     11386
          N1       0.46      0.68      0.55      3849
          N2       0.92      0.70      0.80     13118
          N3       0.63      0.97      0.76      3085
           R       0.77      0.90      0.83      5049

    accuracy                           0.80     36487
   macro avg       0.75      0.82      0.77     36487
weighted avg       0.84      0.80      0.81     36487

Final Validation Scores Report:
Accuracy: [0.6926850659138871, 0.794392523364486, 0.7716172883492751, 0.8026146298681722, 0.7289445555951435, 0.7717817304793488, 0.7768246224682763, 0.7863622660125524, 0.7996546715268452, 0.7555841806670869, 0.7820319565872776, 0.7471428179899691] | F1: [0.6928028736151972, 0.7628746880982769, 0.7567996238483832, 0.7765231404773991, 0.732958281061292, 0.7610784999875615, 0.764866447147245, 0.7678280233546537, 0.7700614787314567, 0.7545083750392104, 0.7721343597931741, 0.7405491752312253] | Kappa: [0.6072813654846526, 0.7298273447770867, 0.7046997931064081, 0.7406897935936562, 0.6545615647860767, 0.704331668923769, 0.7105242439809384, 0.7220798298881269, 0.7380533517499499, 0.6857861336296199, 0.7155933911970533, 0.6738967203051853]
